[gd_scene format=3 uid="uid://1rgy7sskcdjy"]

[ext_resource type="PackedScene" uid="uid://cvk2eqoxb0l5d" path="res://assets/models/kenney_city-kit-commercial_2.1/Models/GLB format/building-b.glb" id="2_o6xic"]
[ext_resource type="PackedScene" uid="uid://wevke224gq3q" path="res://assets/models/kenney_city-kit-commercial_2.1/Models/GLB format/building-a.glb" id="4_ba"]
[ext_resource type="PackedScene" uid="uid://o807xcpaypqo" path="res://assets/models/kenney_city-kit-commercial_2.1/Models/GLB format/building-f.glb" id="5_bf"]
[ext_resource type="PackedScene" uid="uid://bfg845stp4eql" path="res://assets/models/kenney_city-kit-commercial_2.1/Models/GLB format/building-j.glb" id="6_bj"]
[ext_resource type="PackedScene" uid="uid://kcjpxw4yolpd" path="res://assets/models/kenney_city-kit-commercial_2.1/Models/GLB format/building-skyscraper-b.glb" id="7_sb"]
[ext_resource type="PackedScene" uid="uid://d4dvnsnq7p8t6" path="res://scenes/environment/FuelBarrel.tscn" id="9_fb"]
[ext_resource type="PackedScene" path="res://scenes/environment/ScrapPile.tscn" id="10_sp"]
[ext_resource type="PackedScene" uid="uid://bxiu3bbjokmyv" path="res://assets/models/kenney_city-kit-commercial_2.1/Models/GLB format/building-skyscraper-a.glb" id="10_uduhd"]
[ext_resource type="PackedScene" path="res://scenes/environment/AbandonedVehicle.tscn" id="11_av"]
[ext_resource type="PackedScene" uid="uid://b7nlvwtlasdem" path="res://assets/models/kenney_city-kit-commercial_2.1/Models/GLB format/building-skyscraper-c.glb" id="11_s1ytu"]
[ext_resource type="PackedScene" uid="uid://cwrphfu5m4caa" path="res://assets/models/kenney_city-kit-commercial_2.1/Models/GLB format/building-skyscraper-d.glb" id="12_m0xdi"]
[ext_resource type="PackedScene" uid="uid://b4c4vcv47vtit" path="res://assets/models/kenney_city-kit-commercial_2.1/Models/GLB format/building-k.glb" id="13_jpsdb"]
[ext_resource type="PackedScene" uid="uid://cun8y1wmxe3sv" path="res://assets/models/kenney_city-kit-commercial_2.1/Models/GLB format/building-skyscraper-e.glb" id="13_re8ia"]
[ext_resource type="PackedScene" uid="uid://cm4q0pnqimgh6" path="res://assets/models/kenney_city-kit-commercial_2.1/Models/GLB format/building-i.glb" id="14_c3rd8"]
[ext_resource type="PackedScene" uid="uid://b7vtgljg2sb4h" path="res://assets/models/maps/city-src.blend" id="22_m1aal"]
[ext_resource type="PackedScene" uid="uid://ce7hikq2jhmer" path="res://assets/models/kenney_city-kit-commercial_2.1/Models/GLB format/building-h.glb" id="25_dh2at"]
[ext_resource type="PackedScene" uid="uid://bh5eh2dgah2bj" path="res://assets/models/kenney_city-kit-commercial_2.1/Models/GLB format/building-g.glb" id="26_348dy"]
[ext_resource type="PackedScene" uid="uid://cw6so5xke5lsx" path="res://assets/models/kenney_city-kit-commercial_2.1/Models/GLB format/building-d.glb" id="27_fcpbv"]
[ext_resource type="PackedScene" uid="uid://cjce0bpmoj8qk" path="res://assets/models/kenney_city-kit-commercial_2.1/Models/GLB format/building-e.glb" id="28_555av"]

[sub_resource type="Curve" id="Curve_e3cqr"]
_data = [Vector2(0, 0), 0.0, 0.37270525, 0, 0, Vector2(1, 1), 0.0, 0.0, 0, 0]
point_count = 2

[sub_resource type="Curve" id="Curve_0f0k3"]
_data = [Vector2(0, 0), 0.0, 0.0, 0, 0, Vector2(1, 1), 0.0, 0.0, 0, 0]
point_count = 2

[sub_resource type="Curve" id="Curve_i5vjl"]
_data = [Vector2(0, 0), 0.0, 0.0, 0, 0, Vector2(1, 1), 2.251204, 0.0, 0, 0]
point_count = 2

[sub_resource type="CurveXYZTexture" id="CurveXYZTexture_m1aal"]
curve_x = SubResource("Curve_e3cqr")
curve_y = SubResource("Curve_0f0k3")
curve_z = SubResource("Curve_i5vjl")

[sub_resource type="ProceduralSkyMaterial" id="1"]
sky_top_color = Color(0.32, 0.41, 0.55, 1)
sky_horizon_color = Color(0.95, 0.95, 0.95, 1)
ground_horizon_color = Color(0.3, 0.33, 0.35, 1)

[sub_resource type="Sky" id="2"]
sky_material = SubResource("1")

[sub_resource type="Environment" id="3"]
background_mode = 2
sky = SubResource("2")
glow_enabled = true
glow_bloom = 1.0
fog_enabled = true
fog_mode = 1
fog_light_energy = 0.1
fog_density = 1.0
adjustment_enabled = true
adjustment_contrast = 1.25
adjustment_color_correction = SubResource("CurveXYZTexture_m1aal")

[sub_resource type="BoxShape3D" id="BoxShape3D_r0471"]
size = Vector3(80, 30, 60)

[node name="CityRaceway" type="Node3D" unique_id=1021283232]

[node name="DirectionalLight3D" type="DirectionalLight3D" parent="." unique_id=1708125207]
transform = Transform3D(0.830928, -0.37222862, 0.41352686, 0, 0.7432455, 0.6690188, -0.5563799, -0.5559065, 0.6175835, 0, 40, 0)
light_color = Color(1, 0.95, 0.86, 1)
light_energy = 1.25
shadow_enabled = true
metadata/_edit_lock_ = true

[node name="WorldEnvironment" type="WorldEnvironment" parent="." unique_id=973060433]
environment = SubResource("3")

[node name="StaticBody3D" type="StaticBody3D" parent="." unique_id=2097122907]
visible = false

[node name="CollisionShape3D" type="CollisionShape3D" parent="StaticBody3D" unique_id=1847981412]
transform = Transform3D(1, 0, 0, 0, 1, 0, 0, 0, 1, 0, 14.5, -94)
shape = SubResource("BoxShape3D_r0471")

[node name="Buildings" type="Node3D" parent="." unique_id=632549462]
visible = false

[node name="BuildingC" parent="Buildings" unique_id=1228343320 instance=ExtResource("6_bj")]
transform = Transform3D(1.5, 0, 0, 0, 1.5, 0, 0, 0, 1.5, -60.202797, 0, 106)

[node name="BuildingC19" parent="Buildings" unique_id=80410527 instance=ExtResource("6_bj")]
transform = Transform3D(1.5, 0, 0, 0, 1.5, 0, 0, 0, 1.5, -138.20279, 0, 107)

[node name="BuildingC20" parent="Buildings" unique_id=683671971 instance=ExtResource("6_bj")]
transform = Transform3D(-6.556708e-08, 0, -1.5, 0, 1.5, 0, 1.5, 0, -6.556708e-08, -156.26677, 0, 111.56801)

[node name="BuildingC14" parent="Buildings" unique_id=1994334987 instance=ExtResource("6_bj")]
transform = Transform3D(1.5, 0, 0, 0, 1.5, 0, 0, 0, 1.5, -88.2028, 0, 59)

[node name="BuildingC17" parent="Buildings" unique_id=831238266 instance=ExtResource("6_bj")]
transform = Transform3D(1.5, 0, 0, 0, 1.5, 0, 0, 0, 1.5, 1.7972031, 0, 55)

[node name="BuildingC15" parent="Buildings" unique_id=1101599106 instance=ExtResource("6_bj")]
transform = Transform3D(1.5, 0, 0, 0, 1.5, 0, 0, 0, 1.5, -20.202797, 0, 134)

[node name="BuildingC16" parent="Buildings" unique_id=29136497 instance=ExtResource("6_bj")]
transform = Transform3D(1.5, 0, 0, 0, 1.5, 0, 0, 0, 1.5, 2.797203, 0, 150)

[node name="BuildingC24" parent="Buildings" unique_id=816887209 instance=ExtResource("6_bj")]
transform = Transform3D(-6.556708e-08, 0, 1.5, 0, 1.5, 0, -1.5, 0, -6.556708e-08, 15.61625, 0, 175.04005)

[node name="BuildingC25" parent="Buildings" unique_id=950195322 instance=ExtResource("6_bj")]
transform = Transform3D(1.5, 0, 0, 0, 1.5, 0, 0, 0, 1.5, -28.2028, 0, 196)

[node name="BuildingC4" parent="Buildings" unique_id=538137402 instance=ExtResource("6_bj")]
transform = Transform3D(1.5, 0, 0, 0, 1.5, 0, 0, 0, 1.5, -1.2027969, 0, 105)

[node name="BuildingC2" parent="Buildings" unique_id=660061125 instance=ExtResource("6_bj")]
transform = Transform3D(1.5, 0, 0, 0, 1.5, 0, 0, 0, 1.5, -109.2028, 0, 135)

[node name="BuildingC18" parent="Buildings" unique_id=1118263561 instance=ExtResource("6_bj")]
transform = Transform3D(1.5, 0, 0, 0, 1.5, 0, 0, 0, 1.5, -50.202797, 0, 134)

[node name="BuildingC21" parent="Buildings" unique_id=161209317 instance=ExtResource("6_bj")]
transform = Transform3D(1.5, 0, 0, 0, 1.5, 0, 0, 0, 1.5, -49.202797, 0, 164)

[node name="BuildingC22" parent="Buildings" unique_id=1631769141 instance=ExtResource("6_bj")]
transform = Transform3D(1.5, 0, 0, 0, 1.5, 0, 0, 0, 1.5, -138.20279, 0, 165)

[node name="BuildingC23" parent="Buildings" unique_id=374989924 instance=ExtResource("6_bj")]
transform = Transform3D(1.5, 0, 0, 0, 1.5, 0, 0, 0, 1.5, -79.2028, 0, 164)

[node name="BuildingC3" parent="Buildings" unique_id=1765673249 instance=ExtResource("6_bj")]
transform = Transform3D(2.9802322e-08, 0, 1.4999999, 0, 1.5, 0, -1.4999999, 0, 2.9802322e-08, 36.797203, 0, 75)

[node name="BuildingC5" parent="Buildings" unique_id=693688273 instance=ExtResource("6_bj")]
transform = Transform3D(1.4999999, 0, -9.53694e-08, 0, 1.5000002, 0, 9.53694e-08, 0, 1.4999999, 50.797203, 0, 56)

[node name="BuildingC6" parent="Buildings" unique_id=675530915 instance=ExtResource("6_bj")]
transform = Transform3D(2.9802322e-08, 0, 1.4999999, 0, 1.5, 0, -1.4999999, 0, 2.9802322e-08, 36.797203, 0, 121)

[node name="BuildingC7" parent="Buildings" unique_id=2046675982 instance=ExtResource("6_bj")]
transform = Transform3D(2.9802322e-08, 0, 1.4999999, 0, 1.5, 0, -1.4999999, 0, 2.9802322e-08, 36.797203, 0, 144)

[node name="BuildingC13" parent="Buildings" unique_id=1770956036 instance=ExtResource("6_bj")]
transform = Transform3D(-1.4999998, 0, -5.9604645e-08, 0, 1.5000005, 0, 5.9604645e-08, 0, -1.4999998, 51.797203, 0, 163)

[node name="BuildingC8" parent="Buildings" unique_id=189760288 instance=ExtResource("6_bj")]
transform = Transform3D(2.9802322e-08, 0, 1.4999999, 0, 1.5, 0, -1.4999999, 0, 2.9802322e-08, 70.7972, 0, 64)

[node name="BuildingC9" parent="Buildings" unique_id=1747003623 instance=ExtResource("6_bj")]
transform = Transform3D(2.9802322e-08, 0, 1.4999999, 0, 1.5, 0, -1.4999999, 0, 2.9802322e-08, 70.7972, 0, 87)

[node name="BuildingC26" parent="Buildings" unique_id=355908376 instance=ExtResource("6_bj")]
transform = Transform3D(-6.556708e-08, 0, -1.5, 0, 1.5, 0, 1.5, 0, -6.556708e-08, -76.84861, 0, -132.46576)

[node name="BuildingC27" parent="Buildings" unique_id=2091921782 instance=ExtResource("6_bj")]
transform = Transform3D(-6.556708e-08, 0, -1.5, 0, 1.5, 0, 1.5, 0, -6.556708e-08, -72.84861, 0, -42.46576)

[node name="BuildingC28" parent="Buildings" unique_id=1613671162 instance=ExtResource("6_bj")]
transform = Transform3D(1.4999999, 0, -9.53694e-08, 0, 1.5000002, 0, 9.53694e-08, 0, 1.4999999, -92.84862, 0, -7.4657593)

[node name="BuildingC32" parent="Buildings" unique_id=1617177828 instance=ExtResource("6_bj")]
transform = Transform3D(-1.5, 0, 1.3113416e-07, 0, 1.5, 0, -1.3113416e-07, 0, -1.5, -6.111168, 0, -59.39189)

[node name="BuildingC33" parent="Buildings" unique_id=2030722984 instance=ExtResource("6_bj")]
transform = Transform3D(-1.4999999, 0, 2.2650356e-07, 0, 1.5000007, 0, -2.2650356e-07, 0, -1.4999999, -55.111168, 0, -60.3919)

[node name="BuildingC34" parent="Buildings" unique_id=1522352679 instance=ExtResource("6_bj")]
transform = Transform3D(1.9670124e-07, 0, 1.5, 0, 1.5, 0, -1.5, 0, 1.9670124e-07, 69.814964, 0, 24.345558)

[node name="BuildingC35" parent="Buildings" unique_id=560064353 instance=ExtResource("6_bj")]
transform = Transform3D(2.920706e-07, 0, 1.4999998, 0, 1.5000006, 0, -1.4999998, 0, 2.920706e-07, 70.81497, 0, -24.654442)

[node name="BuildingC47" parent="Buildings" unique_id=1770958943 instance=ExtResource("6_bj")]
transform = Transform3D(2.920706e-07, 0, 1.4999998, 0, 1.5000006, 0, -1.4999998, 0, 2.920706e-07, 78.81497, 0, -47.65444)

[node name="BuildingC30" parent="Buildings" unique_id=1472028180 instance=ExtResource("6_bj")]
transform = Transform3D(1.4999999, 0, -9.53694e-08, 0, 1.5000002, 0, 9.53694e-08, 0, 1.4999999, -81.84862, 0, 26.53424)

[node name="BuildingC31" parent="Buildings" unique_id=53673915 instance=ExtResource("6_bj")]
transform = Transform3D(1.4999999, 0, -9.53694e-08, 0, 1.5000002, 0, 9.53694e-08, 0, 1.4999999, -104.84862, 0, 26.53424)

[node name="BuildingC10" parent="Buildings" unique_id=379012066 instance=ExtResource("6_bj")]
transform = Transform3D(2.9802322e-08, 0, 1.4999999, 0, 1.5, 0, -1.4999999, 0, 2.9802322e-08, 70.7972, 0, 110)

[node name="BuildingC11" parent="Buildings" unique_id=1566202434 instance=ExtResource("6_bj")]
transform = Transform3D(2.9802322e-08, 0, 1.4999999, 0, 1.5, 0, -1.4999999, 0, 2.9802322e-08, 70.7972, 0, 133)

[node name="BuildingC12" parent="Buildings" unique_id=1401281126 instance=ExtResource("6_bj")]
transform = Transform3D(2.9802322e-08, 0, 1.4999999, 0, 1.5, 0, -1.4999999, 0, 2.9802322e-08, 70.7972, 0, 156)

[node name="BuildingD" parent="Buildings" unique_id=1057845076 instance=ExtResource("7_sb")]
transform = Transform3D(1.1999999, 0, -2.9802322e-08, 0, 1.1999998, 0, 2.9802322e-08, 0, 1.1999999, 108.95076, 0, 126.78908)

[node name="building-skyscraper-a2" parent="Buildings" unique_id=1713861065 instance=ExtResource("10_uduhd")]
transform = Transform3D(0.9659258, 0, 0.25881904, 0, 1, 0, -0.25881904, 0, 0.9659258, 110.09834, 0, 139.79466)

[node name="building-skyscraper-a6" parent="Buildings" unique_id=1348574911 instance=ExtResource("10_uduhd")]
transform = Transform3D(1, 0, 0, 0, 1, 0, 0, 0, 1, 79, 0, 173)

[node name="building-skyscraper-a7" parent="Buildings" unique_id=1125831603 instance=ExtResource("10_uduhd")]
transform = Transform3D(1, 0, 0, 0, 1, 0, 0, 0, 1, 98, 0, 168)

[node name="building-skyscraper-a5" parent="Buildings" unique_id=2103673174 instance=ExtResource("10_uduhd")]
transform = Transform3D(1.0000001, 0, 0, 0, 1, 0, 0, 0, 1.0000001, 109.95076, 0, 93.78908)

[node name="building-skyscraper-b2" parent="Buildings" unique_id=653482397 instance=ExtResource("7_sb")]
transform = Transform3D(0.9659258, 0, 0.25881904, 0, 1, 0, -0.25881904, 0, 0.9659258, 112.68653, 0, 149.45392)

[node name="building-skyscraper-b4" parent="Buildings" unique_id=2108334709 instance=ExtResource("7_sb")]
transform = Transform3D(1.0000001, 0, 0, 0, 1, 0, 0, 0, 1.0000001, 108.95076, 0, 114.78908)

[node name="building-skyscraper-b5" parent="Buildings" unique_id=596828665 instance=ExtResource("7_sb")]
transform = Transform3D(1.0000001, 0, 0, 0, 1, 0, 0, 0, 1.0000001, 108.95076, 0, 104.78908)

[node name="building-skyscraper-c2" parent="Buildings" unique_id=1031530858 instance=ExtResource("11_s1ytu")]
transform = Transform3D(0.9659258, 0, 0.25881904, 0, 1, 0, -0.25881904, 0, 0.9659258, 115.53355, 0, 160.0791)

[node name="building-skyscraper-d2" parent="Buildings" unique_id=468421907 instance=ExtResource("12_m0xdi")]
transform = Transform3D(0.9659258, 0, 0.25881904, 0, 1, 0, -0.25881904, 0, 0.9659258, 117.41463, 0, 170.9631)

[node name="building-skyscraper-e2" parent="Buildings" unique_id=1117638980 instance=ExtResource("13_re8ia")]
transform = Transform3D(-0.25881907, 0, 0.9659258, 0, 1, 0, -0.9659258, 0, -0.25881907, 120.26164, 0, 181.58829)

[node name="building-skyscraper-b6" parent="Buildings" unique_id=1967462573 instance=ExtResource("7_sb")]
transform = Transform3D(1, 0, 0, 0, 1, 0, 0, 0, 1, 89.00001, 0, 173.66667)

[node name="building-skyscraper-d5" parent="Buildings" unique_id=10246496 instance=ExtResource("12_m0xdi")]
transform = Transform3D(-4.371139e-08, 0, 1, 0, 1, 0, -1, 0, -4.371139e-08, 99.00001, 0, 180.66666)

[node name="building-skyscraper-e4" parent="Buildings" unique_id=2133210547 instance=ExtResource("13_re8ia")]
transform = Transform3D(0.96592575, 0, 0.2588191, 0, 1, 0, -0.2588191, 0, 0.96592575, 110, 0, 184.66666)

[node name="BuildingD2" parent="Buildings" unique_id=1819433105 instance=ExtResource("7_sb")]
transform = Transform3D(-1.1591109, 0, -0.31058294, 0, 1.1999999, 0, 0.31058294, 0, -1.1591109, 133.79715, 0, 180.7715)

[node name="building-skyscraper-a3" parent="Buildings" unique_id=1865844256 instance=ExtResource("10_uduhd")]
transform = Transform3D(-0.9659258, 0, -0.25881913, 0, 1, 0, 0.25881913, 0, -0.9659258, 131.65726, 0, 168.92157)

[node name="building-skyscraper-a4" parent="Buildings" unique_id=517924741 instance=ExtResource("10_uduhd")]
transform = Transform3D(-1, 0, -8.940697e-08, 0, 1, 0, 8.940697e-08, 0, -1, 121.236465, 0, 103.50337)

[node name="building-skyscraper-b3" parent="Buildings" unique_id=37948499 instance=ExtResource("7_sb")]
transform = Transform3D(-0.9659258, 0, -0.25881913, 0, 1, 0, 0.25881913, 0, -0.9659258, 125.96323, 0, 147.6712)

[node name="building-skyscraper-c3" parent="Buildings" unique_id=954581126 instance=ExtResource("11_s1ytu")]
transform = Transform3D(-0.9659258, 0, -0.25881913, 0, 1, 0, 0.25881913, 0, -0.9659258, 129.06906, 0, 159.26231)

[node name="building-skyscraper-c4" parent="Buildings" unique_id=71466150 instance=ExtResource("11_s1ytu")]
transform = Transform3D(-1, 0, -8.940697e-08, 0, 1, 0, 8.940697e-08, 0, -1, 121.236465, 0, 114.50337)

[node name="building-skyscraper-d3" parent="Buildings" unique_id=1389706561 instance=ExtResource("12_m0xdi")]
transform = Transform3D(-0.9659258, 0, -0.25881913, 0, 1, 0, 0.25881913, 0, -0.9659258, 124.34097, 0, 137.75313)

[node name="building-skyscraper-d4" parent="Buildings" unique_id=16382824 instance=ExtResource("12_m0xdi")]
transform = Transform3D(-1, 0, -8.940697e-08, 0, 1, 0, 8.940697e-08, 0, -1, 121.236465, 0, 93.50337)

[node name="building-skyscraper-e3" parent="Buildings" unique_id=1939758613 instance=ExtResource("13_re8ia")]
transform = Transform3D(-2.9802322e-08, 0, 1, 0, 1, 0, -1, 0, -2.9802322e-08, 122.236465, 0, 125.50337)

[node name="BuildingD3" parent="Buildings" unique_id=1283848851 instance=ExtResource("7_sb")]
transform = Transform3D(0.5999999, 0, -1.0392303, 0, 1.1999998, 0, 1.0392303, 0, 0.5999999, -136.13411, 0, -170.94852)

[node name="building-skyscraper-a9" parent="Buildings" unique_id=349280089 instance=ExtResource("10_uduhd")]
transform = Transform3D(0.7071068, 0, -0.70710695, 0, 1, 0, 0.70710695, 0, 0.7071068, -146.82349, 0, -163.4519)

[node name="building-skyscraper-a10" parent="Buildings" unique_id=363513883 instance=ExtResource("10_uduhd")]
transform = Transform3D(0.49999997, 0, -0.86602545, 0, 1, 0, 0.86602545, 0, 0.49999997, -191.12933, 0, -173.78119)

[node name="building-skyscraper-a11" parent="Buildings" unique_id=824033937 instance=ExtResource("10_uduhd")]
transform = Transform3D(0.49999997, 0, -0.86602545, 0, 1, 0, 0.86602545, 0, 0.49999997, -177.2992, 0, -159.8267)

[node name="building-skyscraper-a12" parent="Buildings" unique_id=1397872503 instance=ExtResource("10_uduhd")]
transform = Transform3D(0.5, 0, -0.86602557, 0, 1, 0, 0.86602557, 0, 0.5, -107.05527, 0, -186.5825)

[node name="building-skyscraper-b7" parent="Buildings" unique_id=106695920 instance=ExtResource("7_sb")]
transform = Transform3D(0.7071068, 0, -0.70710695, 0, 1, 0, 0.70710695, 0, 0.7071068, -153.89456, 0, -156.38084)

[node name="building-skyscraper-b8" parent="Buildings" unique_id=332820042 instance=ExtResource("7_sb")]
transform = Transform3D(0.5, 0, -0.86602557, 0, 1, 0, 0.86602557, 0, 0.5, -125.741806, 0, -176.94852)

[node name="building-skyscraper-b9" parent="Buildings" unique_id=27077656 instance=ExtResource("7_sb")]
transform = Transform3D(0.5, 0, -0.86602557, 0, 1, 0, 0.86602557, 0, 0.5, -117.08156, 0, -181.94852)

[node name="building-skyscraper-c6" parent="Buildings" unique_id=17219900 instance=ExtResource("11_s1ytu")]
transform = Transform3D(0.7071068, 0, -0.70710695, 0, 1, 0, 0.70710695, 0, 0.7071068, -161.67273, 0, -148.60266)

[node name="building-skyscraper-d7" parent="Buildings" unique_id=192198298 instance=ExtResource("12_m0xdi")]
transform = Transform3D(0.7071068, 0, -0.70710695, 0, 1, 0, 0.70710695, 0, 0.7071068, -170.15802, 0, -141.53159)

[node name="building-skyscraper-e6" parent="Buildings" unique_id=1548281263 instance=ExtResource("13_re8ia")]
transform = Transform3D(0.7071068, 0, 0.70710677, 0, 1, 0, -0.70710677, 0, 0.7071068, -177.93619, 0, -133.75342)

[node name="building-skyscraper-b10" parent="Buildings" unique_id=2041467568 instance=ExtResource("7_sb")]
transform = Transform3D(0.49999997, 0, -0.86602545, 0, 1, 0, 0.86602545, 0, 0.49999997, -186.70668, 0, -164.7876)

[node name="building-skyscraper-d8" parent="Buildings" unique_id=17557562 instance=ExtResource("12_m0xdi")]
transform = Transform3D(0.86602545, 0, 0.5, 0, 1, 0, -0.5, 0, 0.86602545, -187.76884, 0, -152.62735)

[node name="building-skyscraper-e7" parent="Buildings" unique_id=1864796218 instance=ExtResource("13_re8ia")]
transform = Transform3D(0.7071067, 0, -0.70710665, 0, 1, 0, 0.70710665, 0, 0.7071067, -185.73296, 0, -141.10107)

[node name="BuildingD4" parent="Buildings" unique_id=1628552818 instance=ExtResource("7_sb")]
transform = Transform3D(-0.84852815, 0, 0.84852815, 0, 1.1999997, 0, -0.84852815, 0, -0.84852815, -170.46107, 0, -122.43971)

[node name="building-skyscraper-a13" parent="Buildings" unique_id=679829014 instance=ExtResource("10_uduhd")]
transform = Transform3D(-0.7071068, 0, 0.70710677, 0, 1, 0, -0.70710677, 0, -0.7071068, -161.26868, 0, -130.21788)

[node name="building-skyscraper-a14" parent="Buildings" unique_id=1848924928 instance=ExtResource("10_uduhd")]
transform = Transform3D(-0.50000006, 0, 0.8660254, 0, 1, 0, -0.8660254, 0, -0.50000006, -109.82526, 0, -171.95164)

[node name="building-skyscraper-b11" parent="Buildings" unique_id=529027121 instance=ExtResource("7_sb")]
transform = Transform3D(-0.7071068, 0, 0.70710677, 0, 1, 0, -0.70710677, 0, -0.7071068, -145.71234, 0, -145.77423)

[node name="building-skyscraper-c7" parent="Buildings" unique_id=1651073919 instance=ExtResource("11_s1ytu")]
transform = Transform3D(-0.7071068, 0, 0.70710677, 0, 1, 0, -0.70710677, 0, -0.7071068, -154.19762, 0, -137.28894)

[node name="building-skyscraper-c8" parent="Buildings" unique_id=364576872 instance=ExtResource("11_s1ytu")]
transform = Transform3D(-0.50000006, 0, 0.8660254, 0, 1, 0, -0.8660254, 0, -0.50000006, -119.35153, 0, -166.45164)

[node name="building-skyscraper-d9" parent="Buildings" unique_id=1846987551 instance=ExtResource("12_m0xdi")]
transform = Transform3D(-0.7071068, 0, 0.70710677, 0, 1, 0, -0.70710677, 0, -0.7071068, -137.93416, 0, -152.13818)

[node name="building-skyscraper-a15" parent="Buildings" unique_id=1884611123 instance=ExtResource("10_uduhd")]
transform = Transform3D(0.49999997, 0, -0.8660255, 0, 1, 0, 0.8660255, 0, 0.49999997, -119.05527, 0, -211.5825)

[node name="building-skyscraper-b12" parent="Buildings" unique_id=1803498410 instance=ExtResource("7_sb")]
transform = Transform3D(0.49999997, 0, -0.8660255, 0, 1, 0, 0.8660255, 0, 0.49999997, -129.08156, 0, -206.94852)

[node name="building-skyscraper-c9" parent="Buildings" unique_id=567810463 instance=ExtResource("11_s1ytu")]
transform = Transform3D(0.7071068, 0, -0.70710695, 0, 1, 0, 0.70710695, 0, 0.7071068, -173.67274, 0, -173.60266)

[node name="building-skyscraper-b13" parent="Buildings" unique_id=693995089 instance=ExtResource("7_sb")]
transform = Transform3D(-0.70710677, 0, 0.7071067, 0, 1, 0, -0.7071067, 0, -0.70710677, -157.71234, 0, -170.77423)

[node name="building-skyscraper-c10" parent="Buildings" unique_id=43681039 instance=ExtResource("11_s1ytu")]
transform = Transform3D(-0.50000006, 0, 0.8660253, 0, 1, 0, -0.8660253, 0, -0.50000006, -131.35153, 0, -191.45164)

[node name="building-skyscraper-d11" parent="Buildings" unique_id=1410078059 instance=ExtResource("12_m0xdi")]
transform = Transform3D(-0.70710677, 0, 0.7071067, 0, 1, 0, -0.7071067, 0, -0.70710677, -149.93416, 0, -177.13818)

[node name="building-skyscraper-d10" parent="Buildings" unique_id=1696723433 instance=ExtResource("12_m0xdi")]
transform = Transform3D(-0.50000006, 0, 0.8660254, 0, 1, 0, -0.8660254, 0, -0.50000006, -101.16499, 0, -176.95164)

[node name="building-skyscraper-e8" parent="Buildings" unique_id=666160256 instance=ExtResource("13_re8ia")]
transform = Transform3D(0.86602545, 0, 0.5, 0, 1, 0, -0.5, 0, 0.86602545, -128.3778, 0, -160.08562)

[node name="BuildingD5" parent="Buildings" unique_id=497326923 instance=ExtResource("7_sb")]
transform = Transform3D(-0.3105828, 0, -1.1591108, 0, 1.1999996, 0, 1.1591108, 0, -0.3105828, -28.70303, 0, -190.89052)

[node name="building-skyscraper-a16" parent="Buildings" unique_id=337008008 instance=ExtResource("10_uduhd")]
transform = Transform3D(-1.7881393e-07, 0, -1.0000001, 0, 1, 0, 1.0000001, 0, -1.7881393e-07, -41.562466, 0, -193.14815)

[node name="building-skyscraper-a17" parent="Buildings" unique_id=1253163527 instance=ExtResource("10_uduhd")]
transform = Transform3D(-0.25881913, 0, -0.9659258, 0, 1, 0, 0.9659258, 0, -0.25881913, -65.587524, 0, -231.78104)

[node name="building-skyscraper-a18" parent="Buildings" unique_id=561790793 instance=ExtResource("10_uduhd")]
transform = Transform3D(-0.25881913, 0, -0.9659258, 0, 1, 0, 0.9659258, 0, -0.25881913, -65.675446, 0, -212.13434)

[node name="building-skyscraper-a19" parent="Buildings" unique_id=1218468179 instance=ExtResource("10_uduhd")]
transform = Transform3D(-0.25881922, 0, -0.9659259, 0, 1, 0, 0.9659259, 0, -0.25881922, 2.9137154, 0, -181.38358)

[node name="building-skyscraper-b14" parent="Buildings" unique_id=302130892 instance=ExtResource("7_sb")]
transform = Transform3D(-1.7881393e-07, 0, -1.0000001, 0, 1, 0, 1.0000001, 0, -1.7881393e-07, -51.562466, 0, -193.14816)

[node name="building-skyscraper-b15" parent="Buildings" unique_id=458143768 instance=ExtResource("7_sb")]
transform = Transform3D(-0.25881922, 0, -0.9659259, 0, 1, 0, 0.9659259, 0, -0.25881922, -17.11192, 0, -187.7847)

[node name="building-skyscraper-b16" parent="Buildings" unique_id=1228567909 instance=ExtResource("7_sb")]
transform = Transform3D(-0.25881922, 0, -0.9659259, 0, 1, 0, 0.9659259, 0, -0.25881922, -7.452667, 0, -185.19652)

[node name="building-skyscraper-c11" parent="Buildings" unique_id=732360870 instance=ExtResource("11_s1ytu")]
transform = Transform3D(-1.7881393e-07, 0, -1.0000001, 0, 1, 0, 1.0000001, 0, -1.7881393e-07, -62.56246, 0, -193.14815)

[node name="building-skyscraper-d12" parent="Buildings" unique_id=767777807 instance=ExtResource("12_m0xdi")]
transform = Transform3D(-1.7881393e-07, 0, -1.0000001, 0, 1, 0, 1.0000001, 0, -1.7881393e-07, -73.56247, 0, -194.14816)

[node name="building-skyscraper-e9" parent="Buildings" unique_id=2012256026 instance=ExtResource("13_re8ia")]
transform = Transform3D(1, 0, -1.1920929e-07, 0, 1, 0, 1.1920929e-07, 0, 1, -84.56247, 0, -194.14816)

[node name="building-skyscraper-b17" parent="Buildings" unique_id=1954734961 instance=ExtResource("7_sb")]
transform = Transform3D(-0.25881913, 0, -0.9659258, 0, 1, 0, 0.9659258, 0, -0.25881913, -68.819664, 0, -222.29431)

[node name="building-skyscraper-d13" parent="Buildings" unique_id=1776823818 instance=ExtResource("12_m0xdi")]
transform = Transform3D(0.9659259, 0, -0.2588191, 0, 1, 0, 0.2588191, 0, 0.9659259, -78.16933, 0, -214.44678)

[node name="building-skyscraper-e10" parent="Buildings" unique_id=1233769519 instance=ExtResource("13_re8ia")]
transform = Transform3D(-2.9802322e-08, 0, -0.9999999, 0, 1, 0, 0.9999999, 0, -2.9802322e-08, -84.880035, 0, -204.85689)

[node name="BuildingD6" parent="Buildings" unique_id=644207058 instance=ExtResource("7_sb")]
transform = Transform3D(2.9802322e-08, 0, 1.2, 0, 1.1999998, 0, -1.2, 0, 2.9802322e-08, -87.276764, 0, -180.86246)

[node name="building-skyscraper-a20" parent="Buildings" unique_id=701276585 instance=ExtResource("10_uduhd")]
transform = Transform3D(2.9802322e-08, 0, 1, 0, 1, 0, -1, 0, 2.9802322e-08, -75.27676, 0, -179.86244)

[node name="building-skyscraper-a21" parent="Buildings" unique_id=629204633 instance=ExtResource("10_uduhd")]
transform = Transform3D(0.25881904, 0, 0.9659258, 0, 1, 0, -0.9659258, 0, 0.25881904, -9.390545, 0, -172.99667)

[node name="building-skyscraper-b18" parent="Buildings" unique_id=1523080526 instance=ExtResource("7_sb")]
transform = Transform3D(2.9802322e-08, 0, 1, 0, 1, 0, -1, 0, 2.9802322e-08, -53.27677, 0, -179.86246)

[node name="building-skyscraper-c12" parent="Buildings" unique_id=21398770 instance=ExtResource("11_s1ytu")]
transform = Transform3D(2.9802322e-08, 0, 1, 0, 1, 0, -1, 0, 2.9802322e-08, -65.27678, 0, -179.86244)

[node name="building-skyscraper-c13" parent="Buildings" unique_id=1629783298 instance=ExtResource("11_s1ytu")]
transform = Transform3D(0.25881904, 0, 0.9659258, 0, 1, 0, -0.9659258, 0, 0.25881904, -20.015724, 0, -175.84369)

[node name="building-skyscraper-d14" parent="Buildings" unique_id=868953644 instance=ExtResource("12_m0xdi")]
transform = Transform3D(2.9802322e-08, 0, 1, 0, 1, 0, -1, 0, 2.9802322e-08, -43.27677, 0, -178.86244)

[node name="building-skyscraper-a22" parent="Buildings" unique_id=640915585 instance=ExtResource("10_uduhd")]
transform = Transform3D(-0.25881916, 0, -0.9659259, 0, 1, 0, 0.9659259, 0, -0.25881916, 12.106102, 0, -207.54654)

[node name="building-skyscraper-b19" parent="Buildings" unique_id=930701517 instance=ExtResource("7_sb")]
transform = Transform3D(-0.25881916, 0, -0.9659259, 0, 1, 0, 0.9659259, 0, -0.25881916, 1.7397194, 0, -211.35947)

[node name="building-skyscraper-c14" parent="Buildings" unique_id=48998022 instance=ExtResource("11_s1ytu")]
transform = Transform3D(-1.7881393e-07, 0, -1.0000001, 0, 1, 0, 1.0000001, 0, -1.7881393e-07, -53.370087, 0, -219.31111)

[node name="building-skyscraper-b20" parent="Buildings" unique_id=1197781786 instance=ExtResource("7_sb")]
transform = Transform3D(-2.9802322e-08, 0, 0.99999994, 0, 1, 0, -0.99999994, 0, -2.9802322e-08, -44.08438, 0, -206.0254)

[node name="building-skyscraper-c15" parent="Buildings" unique_id=1977709006 instance=ExtResource("11_s1ytu")]
transform = Transform3D(0.258819, 0, 0.9659258, 0, 1, 0, -0.9659258, 0, 0.258819, -10.823338, 0, -202.00664)

[node name="building-skyscraper-d15" parent="Buildings" unique_id=1926029677 instance=ExtResource("12_m0xdi")]
transform = Transform3D(-2.9802322e-08, 0, 0.99999994, 0, 1, 0, -0.99999994, 0, -2.9802322e-08, -34.08438, 0, -205.02539)

[node name="building-skyscraper-d16" parent="Buildings" unique_id=1121642875 instance=ExtResource("12_m0xdi")]
transform = Transform3D(0.25881904, 0, 0.9659258, 0, 1, 0, -0.9659258, 0, 0.25881904, 0.26872253, 0, -170.40848)

[node name="building-skyscraper-e11" parent="Buildings" unique_id=1204266019 instance=ExtResource("13_re8ia")]
transform = Transform3D(0.9659259, 0, -0.2588191, 0, 1, 0, 0.2588191, 0, 0.9659259, -30.899723, 0, -177.72476)

[node name="BuildingD7" parent="Buildings" unique_id=1394249359 instance=ExtResource("7_sb")]
transform = Transform3D(-1.1999997, 0, 5.9604645e-08, 0, 1.1999995, 0, -5.9604645e-08, 0, -1.1999997, 33.20118, 0, -105.12366)

[node name="building-skyscraper-a23" parent="Buildings" unique_id=1357317253 instance=ExtResource("10_uduhd")]
transform = Transform3D(-0.96592593, 0, -0.25881886, 0, 1, 0, 0.25881886, 0, -0.96592593, 32.05361, 0, -118.12924)

[node name="building-skyscraper-a24" parent="Buildings" unique_id=566489439 instance=ExtResource("10_uduhd")]
transform = Transform3D(-1, 0, 1.1920929e-07, 0, 1, 0, -1.1920929e-07, 0, -1, 63.151978, 0, -151.3346)

[node name="building-skyscraper-a25" parent="Buildings" unique_id=1987350188 instance=ExtResource("10_uduhd")]
transform = Transform3D(-1, 0, 1.1920929e-07, 0, 1, 0, -1.1920929e-07, 0, -1, 44.151966, 0, -146.33458)

[node name="building-skyscraper-a26" parent="Buildings" unique_id=1067503285 instance=ExtResource("10_uduhd")]
transform = Transform3D(-1.0000001, 0, 2.0861626e-07, 0, 1, 0, -2.0861626e-07, 0, -1.0000001, 32.201187, 0, -72.12364)

[node name="building-skyscraper-b21" parent="Buildings" unique_id=1672533437 instance=ExtResource("7_sb")]
transform = Transform3D(-0.96592593, 0, -0.25881886, 0, 1, 0, 0.25881886, 0, -0.96592593, 29.465439, 0, -127.7885)

[node name="building-skyscraper-b22" parent="Buildings" unique_id=680204390 instance=ExtResource("7_sb")]
transform = Transform3D(-1.0000001, 0, 2.0861626e-07, 0, 1, 0, -2.0861626e-07, 0, -1.0000001, 33.201183, 0, -93.12366)

[node name="building-skyscraper-b23" parent="Buildings" unique_id=841645144 instance=ExtResource("7_sb")]
transform = Transform3D(-1.0000001, 0, 2.0861626e-07, 0, 1, 0, -2.0861626e-07, 0, -1.0000001, 33.20119, 0, -83.12367)

[node name="building-skyscraper-c16" parent="Buildings" unique_id=434904949 instance=ExtResource("11_s1ytu")]
transform = Transform3D(-0.96592593, 0, -0.25881886, 0, 1, 0, 0.25881886, 0, -0.96592593, 26.618412, 0, -138.41367)

[node name="building-skyscraper-d17" parent="Buildings" unique_id=44070227 instance=ExtResource("12_m0xdi")]
transform = Transform3D(-0.96592593, 0, -0.25881886, 0, 1, 0, 0.25881886, 0, -0.96592593, 24.737343, 0, -149.29768)

[node name="building-skyscraper-e12" parent="Buildings" unique_id=1472077168 instance=ExtResource("13_re8ia")]
transform = Transform3D(0.2588189, 0, -0.9659259, 0, 1, 0, 0.9659259, 0, 0.2588189, 21.890335, 0, -159.92287)

[node name="building-skyscraper-b24" parent="Buildings" unique_id=1125213098 instance=ExtResource("7_sb")]
transform = Transform3D(-1, 0, 1.1920929e-07, 0, 1, 0, -1.1920929e-07, 0, -1, 53.151962, 0, -152.00125)

[node name="building-skyscraper-d18" parent="Buildings" unique_id=1205602231 instance=ExtResource("12_m0xdi")]
transform = Transform3D(-8.940697e-08, 0, -1.0000001, 0, 1, 0, 1.0000001, 0, -8.940697e-08, 43.151962, 0, -159.00124)

[node name="building-skyscraper-e13" parent="Buildings" unique_id=321999522 instance=ExtResource("13_re8ia")]
transform = Transform3D(-0.96592563, 0, -0.25881892, 0, 1, 0, 0.25881892, 0, -0.96592563, 32.151978, 0, -163.00124)

[node name="BuildingD8" parent="Buildings" unique_id=678440973 instance=ExtResource("7_sb")]
transform = Transform3D(1.1591113, 0, 0.31058282, 0, 1.1999997, 0, -0.31058282, 0, 1.1591113, 8.354824, 0, -159.10608)

[node name="building-skyscraper-a27" parent="Buildings" unique_id=1183186032 instance=ExtResource("10_uduhd")]
transform = Transform3D(0.9659258, 0, 0.25881898, 0, 1, 0, -0.25881898, 0, 0.9659258, 10.494705, 0, -147.25615)

[node name="building-skyscraper-a28" parent="Buildings" unique_id=128239770 instance=ExtResource("10_uduhd")]
transform = Transform3D(1.0000001, 0, -8.940697e-08, 0, 1, 0, 8.940697e-08, 0, 1.0000001, 20.915485, 0, -81.83796)

[node name="building-skyscraper-b25" parent="Buildings" unique_id=1494069029 instance=ExtResource("7_sb")]
transform = Transform3D(0.9659258, 0, 0.25881898, 0, 1, 0, -0.25881898, 0, 0.9659258, 16.188736, 0, -126.0058)

[node name="building-skyscraper-c17" parent="Buildings" unique_id=944790711 instance=ExtResource("11_s1ytu")]
transform = Transform3D(0.9659258, 0, 0.25881898, 0, 1, 0, -0.25881898, 0, 0.9659258, 13.082888, 0, -137.59691)

[node name="building-skyscraper-c18" parent="Buildings" unique_id=1194397604 instance=ExtResource("11_s1ytu")]
transform = Transform3D(1.0000001, 0, -8.940697e-08, 0, 1, 0, 8.940697e-08, 0, 1.0000001, 20.915493, 0, -92.83796)

[node name="building-skyscraper-d19" parent="Buildings" unique_id=1190508905 instance=ExtResource("12_m0xdi")]
transform = Transform3D(0.9659258, 0, 0.25881898, 0, 1, 0, -0.25881898, 0, 0.9659258, 17.810986, 0, -116.08772)

[node name="building-skyscraper-a29" parent="Buildings" unique_id=1227292414 instance=ExtResource("10_uduhd")]
transform = Transform3D(-1, 0, 1.4901161e-07, 0, 1, 0, -1.4901161e-07, 0, -1, 47.851837, 0, -74.015945)

[node name="building-skyscraper-b26" parent="Buildings" unique_id=1262379823 instance=ExtResource("7_sb")]
transform = Transform3D(-1, 0, 1.4901161e-07, 0, 1, 0, -1.4901161e-07, 0, -1, 60.85182, 0, -81.01596)

[node name="building-skyscraper-c19" parent="Buildings" unique_id=133394736 instance=ExtResource("11_s1ytu")]
transform = Transform3D(-0.96592593, 0, -0.25881886, 0, 1, 0, 0.25881886, 0, -0.96592593, 54.26905, 0, -136.30598)

[node name="building-skyscraper-b27" parent="Buildings" unique_id=469054804 instance=ExtResource("7_sb")]
transform = Transform3D(0.9659257, 0, 0.25881898, 0, 1, 0, -0.25881898, 0, 0.9659257, 64.83937, 0, -102.89809)

[node name="building-skyscraper-c20" parent="Buildings" unique_id=1052082603 instance=ExtResource("11_s1ytu")]
transform = Transform3D(1, 0, -1.4901161e-08, 0, 1, 0, 1.4901161e-08, 0, 1, 48.56613, 0, -90.73027)

[node name="building-skyscraper-d20" parent="Buildings" unique_id=2024931002 instance=ExtResource("12_m0xdi")]
transform = Transform3D(0.9659257, 0, 0.25881898, 0, 1, 0, -0.25881898, 0, 0.9659257, 49.461617, 0, -108.98001)

[node name="building-skyscraper-d21" parent="Buildings" unique_id=567488622 instance=ExtResource("12_m0xdi")]
transform = Transform3D(1.0000001, 0, -8.940697e-08, 0, 1, 0, 8.940697e-08, 0, 1.0000001, 20.915482, 0, -71.83795)

[node name="building-skyscraper-e14" parent="Buildings" unique_id=413235691 instance=ExtResource("13_re8ia")]
transform = Transform3D(-8.940697e-08, 0, -1.0000001, 0, 1, 0, 1.0000001, 0, -8.940697e-08, 19.915482, 0, -103.837944)

[node name="building-skyscraper-a8" parent="Buildings" unique_id=1167819965 instance=ExtResource("10_uduhd")]
transform = Transform3D(-4.371139e-08, 0, 1, 0, 1, 0, -1, 0, -4.371139e-08, -59.464294, 0, 184.9643)

[node name="building-skyscraper-c5" parent="Buildings" unique_id=1837896552 instance=ExtResource("11_s1ytu")]
transform = Transform3D(-4.371139e-08, 0, 1, 0, 1, 0, -1, 0, -4.371139e-08, -70.464294, 0, 184.9643)

[node name="building-skyscraper-d6" parent="Buildings" unique_id=1998457021 instance=ExtResource("12_m0xdi")]
transform = Transform3D(-4.371139e-08, 0, 1, 0, 1, 0, -1, 0, -4.371139e-08, -49.464294, 0, 185.9643)

[node name="building-skyscraper-e5" parent="Buildings" unique_id=26988408 instance=ExtResource("13_re8ia")]
transform = Transform3D(1, 0, 0, 0, 1, 0, 0, 0, 1, -81.464294, 0, 185.9643)

[node name="building-k6" parent="Buildings" unique_id=436005880 instance=ExtResource("13_jpsdb")]
transform = Transform3D(-1, 0, -8.742278e-08, 0, 1, 0, 8.742278e-08, 0, -1, 1, 0, 138)

[node name="building-k8" parent="Buildings" unique_id=1656442416 instance=ExtResource("13_jpsdb")]
transform = Transform3D(-1, 0, -8.742278e-08, 0, 1, 0, 8.742278e-08, 0, -1, 22, 0, 147)

[node name="building-k7" parent="Buildings" unique_id=597574543 instance=ExtResource("13_jpsdb")]
transform = Transform3D(-1.1920929e-07, 0, 1, 0, 1, 0, -1, 0, -1.1920929e-07, -35, 0, 134)

[node name="building-i4" parent="Buildings" unique_id=1883449496 instance=ExtResource("14_c3rd8")]
transform = Transform3D(-4.371139e-08, 0, -1, 0, 1, 0, 1, 0, -4.371139e-08, 14, 0, 138)

[node name="building-k14" parent="Buildings" unique_id=1454609365 instance=ExtResource("13_jpsdb")]
transform = Transform3D(1.3113416e-07, 0, -1, 0, 1, 0, 1, 0, 1.3113416e-07, 3.6162503, 0, 176.83727)

[node name="building-i5" parent="Buildings" unique_id=842243528 instance=ExtResource("14_c3rd8")]
transform = Transform3D(1, 0, 0, 0, 1, 0, 0, 0, 1, 3.6162498, 0, 163.83727)

[node name="building-k15" parent="Buildings" unique_id=1318115824 instance=ExtResource("13_jpsdb")]
transform = Transform3D(-1, 0, -8.742277e-08, 0, 1, 0, 8.742277e-08, 0, -1, -30.000011, 0, 184)

[node name="building-i6" parent="Buildings" unique_id=1245761023 instance=ExtResource("14_c3rd8")]
transform = Transform3D(-4.371139e-08, 0, -1, 0, 1, 0, 1, 0, -4.371139e-08, -17.000011, 0, 184)

[node name="building-k3" parent="Buildings" unique_id=127156770 instance=ExtResource("13_jpsdb")]
transform = Transform3D(-1, 0, -8.742278e-08, 0, 1, 0, 8.742278e-08, 0, -1, -34, 0, 110)

[node name="building-h2" parent="Buildings" unique_id=1078111300 instance=ExtResource("25_dh2at")]
transform = Transform3D(1, 0, 0, 0, 1, 0, 0, 0, 1, -17, 0, 102)

[node name="building-g2" parent="Buildings" unique_id=1027917708 instance=ExtResource("26_348dy")]
transform = Transform3D(-1, 0, 8.742278e-08, 0, 1, 0, -8.742278e-08, 0, -1, -23, 0, 110)

[node name="building-d2" parent="Buildings" unique_id=35021697 instance=ExtResource("27_fcpbv")]
transform = Transform3D(-1, 0, -8.742278e-08, 0, 1, 0, 8.742278e-08, 0, -1, -45, 0, 110)

[node name="building-k11" parent="Buildings" unique_id=1764532619 instance=ExtResource("13_jpsdb")]
transform = Transform3D(-1, 0, -8.742278e-08, 0, 1, 0, 8.742278e-08, 0, -1, -108, 0, 87)

[node name="building-h13" parent="Buildings" unique_id=6834425 instance=ExtResource("25_dh2at")]
transform = Transform3D(1, 0, 0, 0, 1, 0, 0, 0, 1, -91, 0, 79)

[node name="building-g7" parent="Buildings" unique_id=572469366 instance=ExtResource("26_348dy")]
transform = Transform3D(-1, 0, 8.742278e-08, 0, 1, 0, -8.742278e-08, 0, -1, -97, 0, 87)

[node name="building-d7" parent="Buildings" unique_id=1305148783 instance=ExtResource("27_fcpbv")]
transform = Transform3D(-1, 0, -8.742278e-08, 0, 1, 0, 8.742278e-08, 0, -1, -119, 0, 87)

[node name="building-k4" parent="Buildings" unique_id=954003661 instance=ExtResource("13_jpsdb")]
